# M_ini =  3.00 Msun, Z = 0.0006, Y = 0.35, M_pmz = 1.0E-03 Msun
# Initial [Fe/H] = -1.35, [alpha/Fe] = 0.0
# M_remnant = 0.880 Msun, M_yield(all) = 2.120 Msun
#El   Z    log e(X)      [X/H]     [X/Fe]        M_yield        X_yield
  p   1   12.000000   0.000000   1.314984   1.268083E+00   5.981951E-01
 he   2   11.216942   0.286942   1.601925   8.358837E-01   3.943128E-01
  c   6    8.626678   0.156678   1.471661   6.531494E-03   3.081113E-03
  n   7    8.512595   0.642595   1.957578   5.779242E-03   2.726252E-03
  o   8    7.710231  -1.019769   0.295215   1.041197E-03   4.911656E-04
  f   9    4.756593   0.336593   1.651576   1.375606E-06   6.489167E-07
 ne  10    7.859528  -0.110472   1.204512   2.004894E-03   9.457722E-04
 na  11    6.008362  -0.231638   1.083346   2.973295E-05   1.402597E-05
 mg  12    6.875231  -0.764769   0.550215   2.390336E-04   1.127597E-04
 al  13    5.378504  -1.071496   0.243488   8.184942E-06   3.861096E-06
 si  14    6.309031  -1.240969   0.074014   7.273690E-05   3.431230E-05
  p  15    4.693383  -0.716617   0.598367   1.940405E-06   9.153507E-07
  s  16    5.864770  -1.285230   0.029754   2.986153E-05   1.408663E-05
 cl  17    3.970568  -1.259432   0.055552   4.217206E-07   1.989390E-07
 ar  18    5.126850  -1.313150   0.001834   6.170666E-06   2.910899E-06
  k  19    3.787537  -1.292463   0.022521   3.043397E-07   1.435667E-07
 ca  20    4.973865  -1.316135  -0.001152   4.791866E-06   2.260475E-06
 sc  21    1.935365  -1.114635   0.200349   4.917287E-09   2.319640E-09
 ti  22    3.619788  -1.290212   0.024772   2.537073E-07   1.196818E-07
  v  23    2.652478  -1.307522   0.007462   2.905335E-08   1.370539E-08
 cr  24    4.308362  -1.331638  -0.016654   1.345567E-06   6.347464E-07
 mn  25    4.161495  -1.318505  -0.003521   1.011593E-06   4.772006E-07
 fe  26    6.225016  -1.314984   0.000000   1.190819E-04   5.617472E-05
 co  27    3.819909  -1.050091   0.264893   4.942072E-07   2.331332E-07
 ni  28    4.931420  -1.268580   0.046404   6.402458E-06   3.020242E-06
 cu  29    3.407964  -0.842036   0.472948   2.060970E-07   9.722247E-08
 zn  30    3.484192  -1.145808   0.169176   2.552811E-07   1.204242E-07
 ga  31    2.297824  -0.782176   0.532808   1.759793E-08   8.301500E-09
 ge  32    2.755034  -0.824966   0.490018   5.215020E-08   2.460090E-08
 as  33    1.355633  -0.944367   0.370617   2.156960E-09   1.017506E-09
 se  34    2.655264  -0.684736   0.630248   4.509619E-08   2.127330E-08
 br  35    1.602846  -0.937154   0.377830   4.086761E-09   1.927855E-09
 kr  36    3.166578  -0.083422   1.231562   1.589312E-07   7.497290E-08
 rb  37    2.414969  -0.105031   1.209953   2.850110E-08   1.344487E-08
 sr  38    2.761311  -0.118689   1.196295   6.429583E-08   3.033038E-08
  y  39    2.192906  -0.017094   1.297890   1.759720E-08   8.301159E-09
 zr  40    2.665293   0.135293   1.450277   5.443612E-08   2.567924E-08
 nb  41    1.402835  -0.007165   1.307819   2.981710E-09   1.406567E-09
 mo  42    1.850857  -0.089143   1.225841   8.708171E-09   4.107920E-09
 ru  44    1.552687  -0.207313   1.107671   4.566852E-09   2.154329E-09
 rh  45    0.477664  -0.582336   0.732648   3.923280E-10   1.850736E-10
 pd  46    1.473880  -0.176120   1.138864   4.006092E-09   1.889801E-09
 ag  47    0.679394  -0.520606   0.794378   6.555730E-10   3.092546E-10
 cd  48    1.603828  -0.106172   1.208812   5.720456E-09   2.698520E-09
 in  49    0.467071  -0.292929   1.022055   4.274809E-10   2.016563E-10
 sn  50    2.065385  -0.004615   1.310369   1.747536E-08   8.243679E-09
 sb  51    0.574431  -0.435569   0.879415   5.759228E-10   2.716811E-10
 te  52    1.685423  -0.494577   0.820406   7.667413E-09   3.616962E-09
  i  53    0.663225  -0.886775   0.428209   7.416118E-10   3.498418E-10
 xe  54    1.954949  -0.285051   1.029933   1.505249E-08   7.100735E-09
 cs  55    0.650016  -0.429984   0.885000   7.533829E-10   3.553946E-10
 ba  56    2.758313   0.578313   1.893297   1.000315E-07   4.718805E-08
 la  57    1.709477   0.539477   1.854461   9.028997E-09   4.259264E-09
 ce  58    2.249937   0.669937   1.984921   3.162767E-08   1.491977E-08
 pr  59    1.195288   0.435288   1.750272   2.803208E-09   1.322362E-09
 nd  60    1.944206   0.494206   1.809190   1.603358E-08   7.563548E-09
 sm  62    1.191087   0.251087   1.566071   2.940520E-09   1.387136E-09
 eu  63    0.138257  -0.371743   0.943241   2.650753E-10   1.250444E-10
 gd  64    1.039276  -0.010724   1.304260   2.177909E-09   1.027389E-09
 tb  65    0.093020  -0.226980   1.088004   2.497841E-10   1.178311E-10
 dy  66    1.194016   0.064016   1.379000   3.226120E-09   1.521863E-09
 ho  67    0.170003  -0.299997   1.014987   3.094814E-10   1.459922E-10
 er  68    1.023661   0.103661   1.418645   2.243911E-09   1.058524E-09
 tm  69    0.092775  -0.027225   1.287759   2.653444E-10   1.251714E-10
 yb  70    1.358474   0.438474   1.753458   5.005238E-09   2.361129E-09
 lu  71    0.424464   0.334464   1.649448   5.911342E-10   2.788567E-10
 hf  72    1.296126   0.586126   1.901110   4.492191E-09   2.119109E-09
 ta  73    0.343472   0.463472   1.778456   5.061720E-10   2.387774E-10
  w  74    1.278924   0.628924   1.943908   4.434130E-09   2.091719E-09
 re  75    0.367942   0.107942   1.422926   5.496932E-10   2.593077E-10
 os  76    1.223945  -0.126055   1.188929   4.013161E-09   1.893135E-09
 ir  77    0.573262  -0.746738   0.568246   9.120509E-10   4.302433E-10
 pt  78    1.282684  -0.337316   0.977668   4.740216E-09   2.236110E-09
 au  79    0.504262  -0.295738   1.019246   7.977675E-10   3.763322E-10
 hg  80    1.763325   0.593325   1.908309   1.474072E-08   6.953667E-09
 tl  81    1.604304   0.834304   2.149287   1.042178E-08   4.916285E-09
 pb  82    3.440638   1.400638   2.715622   7.260989E-07   3.425239E-07
 bi  83    2.081955   1.431955   2.746938   3.200727E-08   1.509884E-08
#  [Rb/Zr]  [ls/Fe]  [hs/Fe]  [hs/ls]  [Pb/hs]  [C+N+O/Fe]  log e(CNO)
   -0.2403   1.3148   1.8855   0.5706   0.8302      1.3110      8.9533
